Month	Total Assets	Current Assets	Fixed Assets	Cash and cash equivalents	Client Loans Receivables net	Total Liabilities	Shareholders Equity	Trade Liabilies
31.01.2022	1 418 907	1 394 099	24 808	15 835	1 280 672	3 285 588	(1 866 681)	3 248 936
28.02.2022	1 577 566	1 547 380	30 186	38 185	1 374 507	3 678 302	(2 100 736)	3 621 315
31.03.2022	607 517	574 373	33 145	54 285	385 401	4 009 815	(3 402 298)	3 934 190
30.04.2022	493 104	454 322	38 781	36 553	283 083	4 400 073	(3 906 969)	4 347 952
31.05.2022	2 160 130	2 106 292	53 838	55 198	1 741 091	4 802 718	(2 642 588)	4 710 471
30.06.2022	2 300 524	2 235 776	64 748	94 075	1 831 698	5 139 013	(2 838 489)	5 030 080
31.07.2022	2 299 957	2 235 792	64 165	110 510	1 815 280	5 342 627	(3 042 670)	5 298 699
31.08.2022	2 320 227	2 257 769	62 458	101 693	1 846 074	5 584 057	(3 263 830)	5 525 091
30.09.2022	2 853 153	2 788 790	64 363	611 110	1 867 678	6 333 181	(3 480 028)	6 256 184
31.10.2022	1 966 835	1 899 381	67 453	340 058	1 249 321	6 239 260	(4 272 426)	6 204 949
30.11.2022	1 996 184	1 928 730	67 453	530 300	1 084 963	6 434 149	(4 437 966)	6 388 107
31.12.2022	1 825 545	1 763 323	62 222	331 184	1 122 115	6 487 675	(4 662 130)	6 386 255
31.01.2023	1 784 195	1 723 949	60 247	119 056	1 294 890	6 739 352	(4 955 156)	6 682 702
28.02.2023	1 872 906	1 814 128	58 778	191 470	1 312 645	6 986 337	(5 113 431)	6 916 942
