Month	Revenue	Impairment	Net Revenue	Other Operating Revenue	Payroll and Social Expenses	SG&A	Interest Expenses	Depreciation	Total Expenses	EBITDA
31.01.2022	149 594	(240 825)	(91 230)	(887)	(61 959)	(127 512)	(18 177)	(539)	(209 074)	(281 589)
28.02.2022	153 883	(169 484)	(15 601)	(865)	(78 476)	(119 124)	(19 451)	(538)	(218 454)	(214 067)
31.03.2022	171 354	(149 192)	22 162	(1 006)	(71 210)	(131 067)	(22 763)	(666)	(226 712)	(181 120)
30.04.2022	194 458	(202 963)	(8 505)	(1 221)	(79 136)	(184 196)	(24 433)	(1 225)	(290 211)	(273 058)
31.05.2022	189 998	(180 139)	9 859	(15 778)	(83 755)	(98 556)	(26 585)	(1 186)	(225 860)	(188 230)
30.06.2022	214 856	(187 587)	27 269	(5 346)	(77 089)	(109 740)	(29 409)	(1 585)	(223 169)	(164 907)
31.07.2022	217 621	(202 885)	14 736	(4 024)	(74 768)	(129 133)	(45 285)	(1 707)	(254 917)	(193 189)
31.08.2022	207 326	(144 128)	63 199	(8 854)	(76 853)	(114 364)	(46 581)	(1 708)	(248 359)	(136 872)
30.09.2022	215 219	(186 042)	29 177	(39 560)	(78 746)	(77 128)	(48 211)	(1 731)	(245 375)	(166 256)
31.10.2022	214 393	(807 331)	(592 938)	63 044	(71 007)	(129 741)	(59 871)	(1 884)	(199 460)	(730 642)
30.11.2022	212 231	(183 169)	29 063	(1 761)	(72 764)	(71 625)	(48 394)		(194 544)	(117 088)
31.12.2022	204 448	(125 109)	79 340	(1 895)	(99 721)	(156 571)	(41 415)	(3 784)	(303 385)	(178 846)
31.01.2023	208 227	(162 280)	45 947	(5 172)	(75 779)	(119 377)	(53 130)	(1 975)	(255 433)	(154 381)
28.02.2023	212 373	(121 490)	90 883	(8 141)	(77 391)	(113 757)	(47 892)	(1 977)	(249 158)	(108 405)
