Month	Revenue	Impairment	Net Revenue	Other Operating Revenue	Payroll and Social Expenses	SG&A	Interest Expenses	Depreciation	Total Expenses	EBITDA
31.01.2022	182 210	(192 192)	(9 982)		(82 635)	(304 659)	(23 392)		(410 686)	(397 276)
28.02.2022	214 299	(135 081)	79 218		(84 835)	(151 313)	(27 617)		(263 766)	(156 930)
31.03.2022	258 299	(150 427)	107 872		(86 935)	(190 907)	(30 920)		(308 762)	(169 969)
30.04.2022	308 193	(172 165)	136 028		(97 433)	(215 639)	(35 552)		(348 623)	(177 044)
31.05.2022	373 019	(201 701)	171 319		(103 933)	(258 645)	(40 714)		(403 292)	(191 259)
30.06.2022	443 772	(239 125)	204 647		(104 533)	(430 386)	(47 307)		(582 225)	(330 272)
31.07.2022	514 477	(285 541)	228 936		(108 733)	(418 627)	(55 438)		(582 797)	(298 423)
31.08.2022	588 215	(334 340)	253 876		(108 733)	(427 758)	(63 604)		(600 094)	(282 615)
30.09.2022	665 052	(388 254)	276 798		(110 933)	(435 001)	(71 160)		(617 094)	(269 136)
31.10.2022	754 149	(445 196)	308 953		(117 533)	(340 649)	(78 583)		(536 765)	(149 228)
30.11.2022	846 493	(504 970)	341 523		(119 733)	(339 158)	(86 778)		(545 668)	(117 367)
31.12.2022	939 126	(566 393)	372 733		(121 933)	(356 836)	(93 921)		(572 689)	(106 035)
31.01.2023	234 967	(211 076)	23 891	(6 953)	(93 584)	(114 494)	(51 551)	(587)	(267 169)	(191 140)
28.02.2023	241 552	(189 405)	52 147	(7 201)	(93 918)	(112 294)	(52 996)	(1 042)	(267 451)	(161 266)
