Month	SG&A	Advertising	Rents	Transports	Communication	Cards expenses 	Others	Depreciation
31.01.2022	 (127 512)	 (55 950)	 (3 908)	 (208)	 (1 711)	 (11 210)	 (54 525)	 (539)
28.02.2022	 (119 124)	 (64 548)	 (3 908)	 (352)	 (2 118)	 (10 267)	 (37 931)	 (538)
31.03.2022	 (131 067)	 (60 713)	 (3 266)	 (408)	 (3 424)	 (9 844)	 (53 411)	 (666)
30.04.2022	 (184 196)	 (50 946)	 (7 724)	 (875)	 (6 126)	 (75 606)	 (42 919)	 (1 225)
31.05.2022	 (98 556)	 (35 137)	 (7 516)	 (315)	 (5 717)	 (25 003)	 (24 868)	 (1 186)
30.06.2022	 (109 740)	 (16 906)	 (8 012)	 (218)	 (5 689)	 (5 223)	 (73 693)	 (1 585)
31.07.2022	 (129 133)	 (16 896)	 (7 779)	 593 	 (2 322)	 (73 393)	 (29 336)	 (1 707)
31.08.2022	 (114 364)	 (16 471)	 (8 132)	 (670)	 (7 612)	 (26 776)	 (54 702)	 (1 708)
30.09.2022	 (77 128)	 (12 906)	 (8 630)	 (206)	 33 635 	 (27 157)	 (61 864)	 (1 731)
31.10.2022	 (129 741)	 (12 281)	 (8 054)	 (77)	 (39 438)	 (22 115)	 (47 777)	 (1 884)
30.11.2022	 (71 625)	 (11 859)	 (8 287)	 268 	 (1 332)	 (3 894)	 (46 520)	 -   
31.12.2022	 (156 571)	 (13 105)	 (7 809)	 -   	 (2 023)	 (68 807)	 (64 827)	 (3 784)
31.01.2023	 (119 377)	 (22 116)	 (7 551)	 (77)	 (2 933)	 (28 828)	 (57 871)	 (1 975)
28.02.2023	 (113 757)	 (12 610)	 (7 831)	 (179)	 (8 385)	 (26 768)	 (57 986)	 (1 977)
31.01.2022	 (304 659)	 (55 950)	 (7 757)	 (600)	 (2 200)	 (15 745)	 (222 406)	
28.02.2022	 (151 313)	 (67 700)	 (7 757)	 (600)	 (2 290)	 (17 865)	 (55 101)	
								
